Accuracy : 0.29924999999999996
Precision : 0.29924999999999996
Recall : 0.29924999999999996
F1-Score : 0.29924999999999996
