Accuracy : 0.5752050000000001
Precision : 0.5752050000000001
Recall : 0.5752050000000001
F1-Score : 0.5752050000000001
