Accuracy : 0.8804900000000002
Precision : 0.8804900000000002
Recall : 0.8804900000000002
F1-Score : 0.8804900000000002
