Accuracy : 0.3393749999999999
Precision : 0.3393749999999999
Recall : 0.3393749999999999
F1-Score : 0.3393749999999999
