Accuracy : 0.9204500000000001
Precision : 0.9204500000000001
Recall : 0.9204500000000001
F1-Score : 0.9204500000000001
