Accuracy : 0.29957500000000004
Precision : 0.29957500000000004
Recall : 0.29957500000000004
F1-Score : 0.29957500000000004
