Accuracy : 0.907475
Precision : 0.907475
Recall : 0.907475
F1-Score : 0.907475
