Accuracy : 0.6485641840220004
Precision : 0.6485641840220004
Recall : 0.6485641840220004
F1 : 0.6485641840220004
