Accuracy : 0.6582099035812103
Precision : 0.6582099035812103
Recall : 0.6582099035812103
F1 : 0.6582099035812103
