Accuracy : 0.9881808755693621
Precision : 0.9881808755693621
Recall : 0.9881808755693621
F1 : 0.9881808755693621
