Accuracy : 0.9826244287951285
Precision : 0.9826244287951285
Recall : 0.9826244287951285
F1 : 0.9826244287951285
