Accuracy : 0.9971510771433827
Precision : 0.9971510771433827
Recall : 0.9971510771433827
F1 : 0.9971510771433827
