Accuracy : 0.9933126397669414
Precision : 0.9933126397669414
Recall : 0.9933126397669414
F1 : 0.9933126397669414
