Accuracy : 0.9959243011630281
Precision : 0.9959243011630281
Recall : 0.9959243011630281
F1-Score : 0.9959243011630281
