Accuracy : 0.9689999999999998
Precision : 0.9689999999999998
Recall : 0.9689999999999998
F1-Score : 0.9689999999999998
