Accuracy : 0.36677332944545843
Precision : 0.36677332944545843
Recall : 0.36677332944545843
F1 : 0.36677332944545843
