Accuracy : 0.3924639726454532
Precision : 0.3924639726454532
Recall : 0.3924639726454532
F1 : 0.39246397264545313
