Accuracy : 0.34556312276120027
Precision : 0.34556312276120027
Recall : 0.34556312276120027
F1 : 0.34556312276120027
