Accuracy : 0.9078114603283796
Precision : 0.9078114603283796
Recall : 0.9078114603283796
F1 : 0.9078114603283798
