Accuracy : 0.9082400351072406
Precision : 0.9082400351072406
Recall : 0.9082400351072406
F1 : 0.9082400351072406
