Accuracy : 0.9152042134768814
Precision : 0.9152042134768814
Recall : 0.9152042134768814
F1 : 0.9152042134768814
