Accuracy : 0.993400147679227
Precision : 0.993400147679227
Recall : 0.993400147679227
F1 : 0.993400147679227
