Accuracy : 0.998051409019204
Precision : 0.998051409019204
Recall : 0.998051409019204
F1 : 0.998051409019204
