Accuracy : 0.997339806465303
Precision : 0.997339806465303
Recall : 0.997339806465303
F1 : 0.997339806465303
