Accuracy : 0.7456250000000001
Precision : 0.7456250000000001
Recall : 0.7456250000000001
F1-Score : 0.7456250000000001
