Accuracy : 0.3584370536625179
Precision : 0.3584370536625179
Recall : 0.3584370536625179
F1-Score : 0.3584370536625179
