Accuracy : 0.9427649999999999
Precision : 0.9427649999999999
Recall : 0.9427649999999999
F1-Score : 0.9427649999999999
