Accuracy : 0.81945
Precision : 0.81945
Recall : 0.81945
F1-Score : 0.81945
