Accuracy : 0.994375
Precision : 0.994375
Recall : 0.994375
F1-Score : 0.994375
