Accuracy : 0.9976714100905563
Precision : 0.9976714100905563
Recall : 0.9976714100905563
F1-Score : 0.9976714100905563
