Accuracy : 0.9979584411384218
Precision : 0.9979584411384218
Recall : 0.9979584411384218
F1-Score : 0.9979584411384218
