Accuracy : 0.9964701081411957
Precision : 0.9964701081411957
Recall : 0.9964701081411957
F1-Score : 0.9964701081411957
