Accuracy : 0.996291573148337
Precision : 0.996291573148337
Recall : 0.996291573148337
F1-Score : 0.996291573148337
