Accuracy : 0.9780875
Precision : 0.9780875
Recall : 0.9780875
F1-Score : 0.9780875
