Accuracy : 0.9983115028029322
Precision : 0.9983115028029322
Recall : 0.9983115028029322
F1-Score : 0.9983115028029322
