Accuracy : 0.9979759594652867
Precision : 0.9979759594652867
Recall : 0.9979759594652867
F1-Score : 0.9979759594652867
