Accuracy : 0.9785499999999999
Precision : 0.9785499999999999
Recall : 0.9785499999999999
F1-Score : 0.9785499999999999
