Accuracy : 0.9921291573148338
Precision : 0.9921291573148338
Recall : 0.9921291573148338
F1-Score : 0.9921291573148338
