Accuracy : 0.9967812691287492
Precision : 0.9967812691287492
Recall : 0.9967812691287492
F1-Score : 0.9967812691287492
